[{"id": 0, "img_name": "_DSC9213", "width": 4978, "height": 3300, "position": [0.8216700131733573, 4.078851269216608, -0.9879000602614254], "rotation": [[0.9896318665687807, -0.018331174804166676, -0.14245257702790037], [-0.09015858778767503, 0.6927815805367855, -0.7154894204089151], [0.11180428310097473, 0.7209144538010401, 0.6839460158382565]], "fy": 4528.0745533801455, "fx": 4528.597703297461}, {"id": 1, "img_name": "_DSC9221", "width": 4978, "height": 3300, "position": [-3.311023978910666, -0.3434264038422347, 2.416207019662528], "rotation": [[-0.45417550991515315, -0.15581976584076804, 0.8771800309894419], [0.6300855986456536, 0.6399007497877718, 0.43990813677448104], [-0.6298545423926528, 0.7524940072813708, -0.1924474588893441]], "fy": 4528.0745533801455, "fx": 4528.597703297461}, {"id": 2, "img_name": "_DSC9229", "width": 4978, "height": 3300, "position": [2.830639588611378, 2.958163550954802, -0.454445193034504], "rotation": [[0.70836261279201, 0.08642623516527274, -0.7005375897649132], [-0.5215846338494585, 0.7327859394104632, -0.4370059916459399], [0.4755753132055983, 0.6749483483033958, 0.5641567588817092]], "fy": 4528.0745533801455, "fx": 4528.597703297461}, {"id": 3, "img_name": "_DSC9237", "width": 4978, "height": 3300, "position": [-3.7073395466747265, 0.730543466241159, 1.0542618100457604], "rotation": [[0.08264933211226522, -0.21808527727590393, 0.9724237243799063], [0.6909675536865653, 0.7156848965401608, 0.10177901854853433], [-0.7181454780570576, 0.6635012740754846, 0.20984072923626762]], "fy": 4528.0745533801455, "fx": 4528.597703297461}, {"id": 4, "img_name": "_DSC9245", "width": 4978, "height": 3300, "position": [3.106281415292976, -0.739556698514514, 2.5705941242236467], "rotation": [[-0.588134160983404, 0.12596893383643823, -0.7988930068491388], [-0.5921245485814283, 0.6057785787015936, 0.5314328109493397], [0.5508962948247037, 0.7855979514321483, -0.28168977804319606]], "fy": 4528.0745533801455, "fx": 4528.597703297461}, {"id": 5, "img_name": "_DSC9253", "width": 4978, "height": 3300, "position": [-1.4351193433044611, 2.427131062396963, -1.5546855212971733], "rotation": [[0.9053458400713073, -0.13712830073728777, 0.4019262855331597], [0.2847101551061889, 0.8982254291959735, -0.3348599795811963], [-0.3151016303432734, 0.4175965846155991, 0.8522464755412003]], "fy": 4528.0745533801455, "fx": 4528.597703297461}, {"id": 6, "img_name": "_DSC9261", "width": 4978, "height": 3300, "position": [0.8948304888427727, -2.096016513509712, 2.582654387930166], "rotation": [[-0.9838087263470188, 0.06655208558409094, -0.16640676028294007], [-0.1448280853469386, 0.25171432520730924, 0.9569037172987513], [0.10557090346395598, 0.9655105998329778, -0.23800013855451255]], "fy": 4528.0745533801455, "fx": 4528.597703297461}, {"id": 7, "img_name": "_DSC9269", "width": 4978, "height": 3300, "position": [0.631594409693261, 2.575266582101699, -1.8427286029836873], "rotation": [[0.99053587993084, 0.09207288496861514, -0.10179024719094133], [-0.12353222858128708, 0.9212666722844942, -0.368791956310865], [0.0598202229298538, 0.3778760410391355, 0.9239216625543598]], "fy": 4528.0745533801455, "fx": 4528.597703297461}, {"id": 8, "img_name": "_DSC9277", "width": 4978, "height": 3300, "position": [-3.36091000839606, -1.8848660522586174, 1.1778093164762866], "rotation": [[-0.4130879306488823, -0.24663176326346428, 0.8766590756398855], [0.6517564161859004, 0.5922725195393619, 0.4737370964564707], [-0.6360596949286562, 0.7670632542027095, -0.08391679533450973]], "fy": 4528.0745533801455, "fx": 4528.597703297461}, {"id": 9, "img_name": "_DSC9285", "width": 4978, "height": 3300, "position": [3.777247425149188, -0.034117195084088836, -0.07060747510605724], "rotation": [[0.09739926570343209, 0.5734276541722555, -0.8134458239310938], [-0.7490249477674725, 0.5804267788106672, 0.319478296698552], [0.6553434295561126, 0.578174264275034, 0.48604476076556535]], "fy": 4528.0745533801455, "fx": 4528.597703297461}, {"id": 10, "img_name": "_DSC9293", "width": 4978, "height": 3300, "position": [-3.310126040310759, -0.37285213458976507, -1.1423267578152616], "rotation": [[0.25410433736791893, -0.6636327862405272, 0.7035783614903498], [0.6947999516876052, 0.6313086202954146, 0.3445322235663907], [-0.6728179641371892, 0.40129907920070634, 0.6215102864530506]], "fy": 4528.0745533801455, "fx": 4528.597703297461}, {"id": 11, "img_name": "_DSC9301", "width": 4978, "height": 3300, "position": [2.733929997183439, -2.2152838881784804, 0.6449098211861783], "rotation": [[-0.5515439609846825, 0.6214980915243843, -0.5563626347382382], [-0.6153895902791074, 0.14709553061234737, 0.7743762374001308], [0.5631118106357195, 0.7694823111062526, 0.30133380430536083]], "fy": 4528.0745533801455, "fx": 4528.597703297461}, {"id": 12, "img_name": "_DSC9309", "width": 4978, "height": 3300, "position": [-0.5137550183776444, 0.6676388382022748, -2.7889819603960997], "rotation": [[0.9524862062815822, -0.26223749344843694, 0.1549242520498331], [0.22776185653842512, 0.9509452613721285, 0.2093505351797893], [-0.20222404295604682, -0.1641176617667195, 0.9654899427475855]], "fy": 4528.0745533801455, "fx": 4528.597703297461}, {"id": 13, "img_name": "_DSC9318", "width": 4978, "height": 3300, "position": [0.5298541341942129, -2.968276201322315, 0.9425386005024536], "rotation": [[-0.9852813292542025, 0.15145691970421304, -0.07925593792760094], [-0.11735124960114061, -0.2621734701887032, 0.957858943553937], [0.12429556082227136, 0.9530613164969631, 0.27608828399074137]], "fy": 4528.0745533801455, "fx": 4528.597703297461}, {"id": 14, "img_name": "_DSC9326", "width": 4978, "height": 3300, "position": [0.2767106090497416, 1.3297854837798309, -3.084575769981545], "rotation": [[0.9999968982807281, 0.0006922351132086957, -0.0023925382903807538], [-0.0007040673740004391, 0.9999875097969971, -0.0049481854384895], [0.002389083099384625, 0.004949854598758669, 0.9999848954966246]], "fy": 4528.0745533801455, "fx": 4528.597703297461}, {"id": 15, "img_name": "_DSC9334", "width": 4978, "height": 3300, "position": [1.59458851135103, -2.135154213317888, 0.20429168574332782], "rotation": [[-0.7250514981644967, 0.5970615147178037, -0.3432460817726849], [-0.5099247713734738, -0.1304189710339168, 0.8502750258205662], [0.4629006940469296, 0.7915228610958347, 0.39901692672558975]], "fy": 4528.0745533801455, "fx": 4528.597703297461}, {"id": 16, "img_name": "_DSC9216", "width": 4978, "height": 3300, "position": [-2.0059098370912345, 3.085731120457363, -0.622565896218959], "rotation": [[0.8050915018733248, -0.06749289242108193, 0.5892982123543145], [0.44154398168294284, 0.731586353388459, -0.5194423161192684], [-0.39606386587383535, 0.6783996735025846, 0.6187950364544463]], "fy": 4528.0745533801455, "fx": 4528.597703297461}, {"id": 17, "img_name": "_DSC9217", "width": 4978, "height": 3300, "position": [-2.6406232266916856, 2.526098874148505, -0.17643633355447544], "rotation": [[0.6186393946851907, -0.0663286861112987, 0.7828702349318751], [0.553234989378671, 0.744289859987148, -0.37411716192590433], [-0.557867677743318, 0.6645548207025965, 0.4971423784090602]], "fy": 4528.0745533801455, "fx": 4528.597703297461}, {"id": 18, "img_name": "_DSC9218", "width": 4978, "height": 3300, "position": [-3.386585108118528, 1.839024197504174, 0.3938128005972798], "rotation": [[0.3339624583828897, -0.0958856743564265, 0.9376966534248001], [0.6625782274428307, 0.731443747166679, -0.16118355142347485], [-0.6704171603632869, 0.6751266415895472, 0.3078065121248185]], "fy": 4528.0745533801455, "fx": 4528.597703297461}, {"id": 19, "img_name": "_DSC9219", "width": 4978, "height": 3300, "position": [-3.7819054376464334, 1.232885584169942, 0.983935472740866], "rotation": [[0.11927137258635717, -0.12839040428186685, 0.9845253901092167], [0.7010377831948568, 0.713078541801009, 0.008063482881967355], [-0.7030792033722855, 0.6892277543100579, 0.1750563808437357]], "fy": 4528.0745533801455, "fx": 4528.597703297461}, {"id": 20, "img_name": "_DSC9223", "width": 4978, "height": 3300, "position": [-0.9007697952564273, -1.2719686972652267, 3.361312199365219], "rotation": [[-0.8953405617082475, -0.13579982009611805, 0.42417412394183407], [0.26317521314997416, 0.6070192301448267, 0.749844291448463], [-0.3593105700413309, 0.7829981245802853, -0.5077497918860533]], "fy": 4528.0745533801455, "fx": 4528.597703297461}, {"id": 21, "img_name": "_DSC9231", "width": 4978, "height": 3300, "position": [1.1907156213279135, 3.184804471117376, -1.419994501684956], "rotation": [[0.9685888969680759, 0.05478870560242089, -0.24255668700033214], [-0.1747408430663138, 0.8439574512433101, -0.5071503310216504], [0.17692141316030613, 0.5336047396990651, 0.8270216413952256]], "fy": 4528.0745533801455, "fx": 4528.597703297461}, {"id": 22, "img_name": "_DSC9233", "width": 4978, "height": 3300, "position": [-0.6148457684133942, 3.209099294317211, -1.4791673031515513], "rotation": [[0.9650792056576594, -0.0750276660153597, 0.2509840157051218], [0.19819866450189644, 0.8356128136284451, -0.5123168112502441], [-0.1712875249305853, 0.5441709979705288, 0.82130293361884]], "fy": 4528.0745533801455, "fx": 4528.597703297461}, {"id": 23, "img_name": "_DSC9235", "width": 4978, "height": 3300, "position": [-2.5072131590976894, 2.4230252402758783, -0.5832667236762004], "rotation": [[0.6705540033532206, -0.13226656676107632, 0.7299745775739092], [0.5266539134974566, 0.7778807532839622, -0.3428369715596459], [-0.5224873050943751, 0.6143346718097665, 0.591269758255573]], "fy": 4528.0745533801455, "fx": 4528.597703297461}, {"id": 24, "img_name": "_DSC9236", "width": 4978, "height": 3300, "position": [-2.524582645180421, 2.707466104921509, -0.32160447238706097], "rotation": [[0.6789033129690226, 0.10370455353720007, 0.7268670148076161], [0.5288593604611007, 0.6176462491876674, -0.5820832309189825], [-0.509311366938105, 0.7795886584860351, 0.3644769609558101]], "fy": 4528.0745533801455, "fx": 4528.597703297461}, {"id": 25, "img_name": "_DSC9250", "width": 4978, "height": 3300, "position": [2.743621110426455, 3.0877419663066004, -0.71841325667747], "rotation": [[0.7588971369370664, -0.12832912038650163, -0.6384408918682689], [-0.497443560043298, 0.5184713985188525, -0.695512266958215], [0.42026781951533415, 0.8454105782273675, 0.32962996541742756]], "fy": 4528.0745533801455, "fx": 4528.597703297461}, {"id": 26, "img_name": "_DSC9251", "width": 4978, "height": 3300, "position": [0.600062851060241, 2.838523748992478, -1.855222302669707], "rotation": [[0.9946540720253816, 0.07289141799471215, -0.0731445020903615], [-0.09559419056609418, 0.9178375264466422, -0.38527396197553027], [0.03905160346695145, 0.3902065045960014, 0.919898829240276]], "fy": 4528.0745533801455, "fx": 4528.597703297461}, {"id": 27, "img_name": "_DSC9255", "width": 4978, "height": 3300, "position": [-3.2290230014882306, 0.9737285553807872, -0.34679049334052214], "rotation": [[0.35861611031952073, -0.3698767346368686, 0.8570797434274509], [0.6334044269796432, 0.7708589510670746, 0.0676410337174115], [-0.6857064366781805, 0.5186209393517942, 0.5107239997924272]], "fy": 4528.0745533801455, "fx": 4528.597703297461}, {"id": 28, "img_name": "_DSC9257", "width": 4978, "height": 3300, "position": [-3.6137877506139264, -0.8873582478545197, 1.2932541420272363], "rotation": [[-0.2926562876842412, -0.3982841184630438, 0.8693227583924135], [0.6530082508430736, 0.5808766643946349, 0.4859655595745771], [-0.6985216686758886, 0.7098958104833968, 0.09008560733198903]], "fy": 4528.0745533801455, "fx": 4528.597703297461}, {"id": 29, "img_name": "_DSC9259", "width": 4978, "height": 3300, "position": [-1.4944567764130199, -2.006229436790764, 2.397214768474651], "rotation": [[-0.80599298490335, -0.2909161216191829, 0.5155027822123185], [0.40587677425152435, 0.36229845338811584, 0.8390493875784406], [-0.4308588543940643, 0.8854985267376972, -0.17393391485159668]], "fy": 4528.0745533801455, "fx": 4528.597703297461}, {"id": 30, "img_name": "_DSC9264", "width": 4978, "height": 3300, "position": [3.550143402210288, -1.1143062192466788, 2.244079175878859], "rotation": [[-0.5248476799672833, -0.07854721925929938, -0.8475643026812721], [-0.6434649738371128, 0.6884443616322936, 0.3346598099286903], [0.5572142678339842, 0.721023366669441, -0.41187081037492973]], "fy": 4528.0745533801455, "fx": 4528.597703297461}, {"id": 31, "img_name": "_DSC9265", "width": 4978, "height": 3300, "position": [3.645029639824633, 0.2920605849142262, 0.4271313121499444], "rotation": [[0.03820022902185843, 0.43383454772281177, -0.9001823858001338], [-0.7530167086719131, 0.6046840697136034, 0.25946678457080574], [0.6568916036634939, 0.6679406867654772, 0.34978373318332895]], "fy": 4528.0745533801455, "fx": 4528.597703297461}, {"id": 32, "img_name": "_DSC9267", "width": 4978, "height": 3300, "position": [2.5892453345406468, 1.574276670582298, -0.8577756479592981], "rotation": [[0.6635170612966338, 0.37240049093591343, -0.6488936613336348], [-0.5700102589939375, 0.8134015158594513, -0.11604429602186896], [0.4845961349515116, 0.4468734142329766, 0.7519778837451399]], "fy": 4528.0745533801455, "fx": 4528.597703297461}, {"id": 33, "img_name": "_DSC9271", "width": 4978, "height": 3300, "position": [-0.899345544051912, 2.0215437351815595, -2.47015266468261], "rotation": [[0.9446128966493381, -0.18276754988039481, 0.2725848458635667], [0.22387805168166341, 0.9661743181829295, -0.12800705003621396], [-0.23996894269669455, 0.18194287453612665, 0.9535783643448302]], "fy": 4528.0745533801455, "fx": 4528.597703297461}, {"id": 34, "img_name": "_DSC9273", "width": 4978, "height": 3300, "position": [-2.5898086188756553, 1.1583857835761084, -1.541088908468081], "rotation": [[0.6363741655269733, -0.4252077362886892, 0.6436041504295144], [0.5447028805432236, 0.8384881129054165, 0.015377140313731236], [-0.5461929085751324, 0.3407874198331889, 0.7652040519401835]], "fy": 4528.0745533801455, "fx": 4528.597703297461}, {"id": 35, "img_name": "_DSC9275", "width": 4978, "height": 3300, "position": [-3.4483656635241657, -0.2987665615404232, -0.22502089001070624], "rotation": [[0.08896699358629565, -0.3222001407469794, 0.9424818000125216], [0.7079497634792361, 0.6860612539659185, 0.16771132399574334], [-0.7006368577529376, 0.6523089951160709, 0.2891383206161923]], "fy": 4528.0745533801455, "fx": 4528.597703297461}, {"id": 36, "img_name": "_DSC9279", "width": 4978, "height": 3300, "position": [-1.6369878552609272, -2.835994517978854, 2.0815409084761005], "rotation": [[-0.8541987451954101, -0.2860044202414879, 0.43421881040428933], [0.36969495781740747, 0.25314455604812, 0.8940041789094642], [-0.3656092748700053, 0.9241857526198562, -0.11050137005258384]], "fy": 4528.0745533801455, "fx": 4528.597703297461}, {"id": 37, "img_name": "_DSC9281", "width": 4978, "height": 3300, "position": [0.3809744122209306, -2.66912033335817, 2.177865407501872], "rotation": [[-0.9981749467830847, -0.05796580460784222, -0.016933431747622574], [-0.023339178462615663, 0.11168185245467864, 0.9934699022018642], [-0.05569612520881601, 0.9920519791464845, -0.11283090138905683]], "fy": 4528.0745533801455, "fx": 4528.597703297461}, {"id": 38, "img_name": "_DSC9283", "width": 4978, "height": 3300, "position": [2.7154757940080043, -1.8941716825649242, 1.5496463924517276], "rotation": [[-0.6356246752904219, 0.45044616807435894, -0.626960542481799], [-0.5803054624029591, 0.2568247482849049, 0.7728432046500008], [0.5091432435643557, 0.8550668385193764, 0.09815222461689521]], "fy": 4528.0745533801455, "fx": 4528.597703297461}, {"id": 39, "img_name": "_DSC9287", "width": 4978, "height": 3300, "position": [2.2333683894244984, 1.8545356933044674, -1.7183091469695744], "rotation": [[0.8351982893761394, 0.3241929096109339, -0.444232793455377], [-0.4283915147738467, 0.8900469543082773, -0.155875364302152], [0.3448543569290374, 0.3204923969216062, 0.8822471853298846]], "fy": 4528.0745533801455, "fx": 4528.597703297461}, {"id": 40, "img_name": "_DSC9289", "width": 4978, "height": 3300, "position": [0.1711479369140849, 1.482334936310102, -2.9230027891790527], "rotation": [[0.9976222885722889, -0.06496685191698208, 0.02300168462930664], [0.06581048074138311, 0.9971065433515075, -0.03804631165036039], [-0.020463381157013134, 0.039469600423683415, 0.9990112114856456]], "fy": 4528.0745533801455, "fx": 4528.597703297461}, {"id": 41, "img_name": "_DSC9291", "width": 4978, "height": 3300, "position": [-1.7322148838593157, 0.9822481595307169, -2.406083517157683], "rotation": [[0.8134331234455043, -0.399058351549677, 0.4231772509719127], [0.42045865538645566, 0.9061306843102093, 0.04627852700903129], [-0.40192172470806364, 0.14028405116037368, 0.9048642507015785]], "fy": 4528.0745533801455, "fx": 4528.597703297461}, {"id": 42, "img_name": "_DSC9295", "width": 4978, "height": 3300, "position": [-3.040576491488362, -2.06989160526443, 0.2789091881906109], "rotation": [[-0.3162396237315709, -0.6801640297941104, 0.6613390907517496], [0.6793568591062933, 0.3242155824803772, 0.6582997144630566], [-0.6621682251266262, 0.6574657015017179, 0.35954428514649955]], "fy": 4528.0745533801455, "fx": 4528.597703297461}, {"id": 43, "img_name": "_DSC9297", "width": 4978, "height": 3300, "position": [-1.3426881265043558, -3.215217980027629, 1.4179559018143781], "rotation": [[-0.8725913205850473, -0.35711445729725716, 0.3332471329643028], [0.34315362504055413, 0.0373323513741455, 0.9385370984475806], [-0.34760606562770013, 0.9333142878635056, 0.08996923478983378]], "fy": 4528.0745533801455, "fx": 4528.597703297461}, {"id": 44, "img_name": "_DSC9299", "width": 4978, "height": 3300, "position": [0.8042753174606457, -2.9769359364992756, 1.434706794497987], "rotation": [[-0.9863998493102588, 0.09429579119528558, -0.13462407304622173], [-0.1462551346945657, -0.1298180732668086, 0.9806919513429119], [0.0749984856925378, 0.9870438549609378, 0.14184377155052483]], "fy": 4528.0745533801455, "fx": 4528.597703297461}, {"id": 45, "img_name": "_DSC9303", "width": 4978, "height": 3300, "position": [3.588431564097322, -0.6343634101517901, -0.7129281419646378], "rotation": [[0.1275303616573744, 0.6817214050458089, -0.7204109471391362], [-0.7309840632038284, 0.5555301828809198, 0.3962934711174451], [0.6703717671542864, 0.47606947162222, 0.5691744477677994]], "fy": 4528.0745533801455, "fx": 4528.597703297461}, {"id": 46, "img_name": "_DSC9305", "width": 4978, "height": 3300, "position": [2.719590557214585, 0.9752397876857476, -2.2487630716761147], "rotation": [[0.7000057479996302, 0.4943247201796492, -0.5153979276120441], [-0.5596276764901728, 0.8280419851925597, 0.03410768922948994], [0.44363139707835014, 0.26455536618575043, 0.8562719438056081]], "fy": 4528.0745533801455, "fx": 4528.597703297461}, {"id": 47, "img_name": "_DSC9307", "width": 4978, "height": 3300, "position": [0.7366493953693506, 1.6029554399913344, -2.8207979124029876], "rotation": [[0.98753903393044, 0.08897375636392427, -0.1298088099561297], [-0.09569872722143903, 0.9943231165841522, -0.04651121837336644], [0.12493362266391765, 0.0583541815542933, 0.9904475652063559]], "fy": 4528.0745533801455, "fx": 4528.597703297461}, {"id": 48, "img_name": "_DSC9311", "width": 4978, "height": 3300, "position": [-2.200296631184976, -0.15852196402518764, -1.8569110417456123], "rotation": [[0.5228646968994395, -0.6692536186127611, 0.5279319110548081], [0.6109045937264359, 0.7261352679553842, 0.3154728989870611], [-0.59448135891733, 0.1575663879293013, 0.7885206067660614]], "fy": 4528.0745533801455, "fx": 4528.597703297461}, {"id": 49, "img_name": "_DSC9313", "width": 4978, "height": 3300, "position": [-2.807112890775196, -1.5917387599277826, -0.570646921474585], "rotation": [[-0.1272007502945917, -0.7801363400462081, 0.6125416394530252], [0.7139294395806136, 0.3567014712426747, 0.6025519195168348], [-0.6885671531699751, 0.5139565656284765, 0.5115896052724076]], "fy": 4528.0745533801455, "fx": 4528.597703297461}, {"id": 50, "img_name": "_DSC9315", "width": 4978, "height": 3300, "position": [-1.4655665077435718, -3.063723625586863, 0.8467270732827515], "rotation": [[-0.8148206252423192, -0.4624235248981879, 0.3496166933949955], [0.42470079069976174, -0.06567367818842665, 0.9029486177918429], [-0.394584068429926, 0.8842236434375287, 0.24990390418588818]], "fy": 4528.0745533801455, "fx": 4528.597703297461}, {"id": 51, "img_name": "_DSC9320", "width": 4978, "height": 3300, "position": [3.050092763689327, -2.2307419429675486, 0.32279600225782057], "rotation": [[-0.4385660273229996, 0.6717080534007733, -0.5970495211242239], [-0.6646121237638646, 0.20477835394115917, 0.7185795367968911], [0.6049384800326447, 0.7119509229951829, 0.35661648675026253]], "fy": 4528.0745533801455, "fx": 4528.597703297461}, {"id": 52, "img_name": "_DSC9322", "width": 4978, "height": 3300, "position": [3.284911439708657, -0.5203708477717575, -1.3574124424349066], "rotation": [[0.31927136742574, 0.714961516217733, -0.6220095049673584], [-0.6924411358416592, 0.6241110782393687, 0.3619539133829133], [0.6469861415335036, 0.3151434472530454, 0.6943295617479183]], "fy": 4528.0745533801455, "fx": 4528.597703297461}, {"id": 53, "img_name": "_DSC9324", "width": 4978, "height": 3300, "position": [2.2201014990748895, 1.0511133004202602, -2.7384670491152128], "rotation": [[0.8415640535529764, 0.3558431386207158, -0.40638110741524514], [-0.37869513335532384, 0.9251596777349353, 0.02587598628814495], [0.38517520654953435, 0.13211824775536798, 0.9133371934119265]], "fy": 4528.0745533801455, "fx": 4528.597703297461}, {"id": 54, "img_name": "_DSC9328", "width": 4978, "height": 3300, "position": [-0.6239663187237563, 0.02449342423703151, -2.532853642218625], "rotation": [[0.9036394231033761, -0.36271305599631165, 0.22776090977868432], [0.3073445390244546, 0.9195256688880962, 0.2449732201440497], [-0.29828698822651145, -0.15136638750302528, 0.9423975219561229]], "fy": 4528.0745533801455, "fx": 4528.597703297461}, {"id": 55, "img_name": "_DSC9329", "width": 4978, "height": 3300, "position": [-1.3750545006343156, -0.5210711828550346, -1.7034226295473598], "rotation": [[0.5378778983188199, -0.7495019302196756, 0.3859199698086507], [0.6607004967426309, 0.6591151053994331, 0.3592243469453806], [-0.52360502299364, 0.06175867899554464, 0.8497197452481347]], "fy": 4528.0745533801455, "fx": 4528.597703297461}, {"id": 56, "img_name": "_DSC9330", "width": 4978, "height": 3300, "position": [-2.0516153314109564, -1.3278289266784877, -0.7909943125355462], "rotation": [[0.02221339683070366, -0.847610392812504, 0.5301539276450511], [0.7325087499876943, 0.3746909207246178, 0.568364007584931], [-0.6803951030046488, 0.3757170955955699, 0.6292051874265837]], "fy": 4528.0745533801455, "fx": 4528.597703297461}, {"id": 57, "img_name": "_DSC9331", "width": 4978, "height": 3300, "position": [-2.0142399495725143, -2.2898504888558797, -0.16232166076459487], "rotation": [[-0.4762010032797592, -0.7262516009577468, 0.4957733520285862], [0.6420678988649333, 0.09804982629723967, 0.7603519216851174], [-0.6008172914643192, 0.680400502402365, 0.41961141382008266]], "fy": 4528.0745533801455, "fx": 4528.597703297461}, {"id": 58, "img_name": "_DSC9332", "width": 4978, "height": 3300, "position": [-0.6926811387770848, -2.8097830269258925, 0.4798929803870069], "rotation": [[-0.9284765348755971, -0.3146818134632155, 0.19724776414678427], [0.2646124067624148, -0.18785120971498015, 0.9458817035951276], [-0.2605985387004419, 0.9304231721556167, 0.2576841522932169]], "fy": 4528.0745533801455, "fx": 4528.597703297461}, {"id": 59, "img_name": "_DSC9333", "width": 4978, "height": 3300, "position": [0.4246385053102427, -2.5794303618328858, 0.4852834444252711], "rotation": [[-0.9859845223566883, 0.14513187787308418, -0.08228766431297677], [-0.12049791871298463, -0.2783536184636082, 0.9528900853057789], [0.1153896583706353, 0.9494503679041091, 0.2919404487697105]], "fy": 4528.0745533801455, "fx": 4528.597703297461}, {"id": 60, "img_name": "_DSC9335", "width": 4978, "height": 3300, "position": [2.140424299811865, -1.4028150294674375, -0.34765127721485317], "rotation": [[-0.22489990368693938, 0.8459041397468312, -0.483597166741885], [-0.7125997715430545, 0.19570366547959098, 0.6737222283067691], [0.6645461601110878, 0.49613129479707846, 0.5587773612133751]], "fy": 4528.0745533801455, "fx": 4528.597703297461}, {"id": 61, "img_name": "_DSC9336", "width": 4978, "height": 3300, "position": [1.9879890648484184, -0.5544588991432413, -1.2576841441385838], "rotation": [[0.4574672386318317, 0.7787360525257424, -0.42929463783652233], [-0.6312824250745998, 0.6244199060644406, 0.45998073949069584], [0.6262637027407058, 0.060580041326325405, 0.7772540339055191]], "fy": 4528.0745533801455, "fx": 4528.597703297461}, {"id": 62, "img_name": "_DSC9337", "width": 4978, "height": 3300, "position": [1.4315199597617125, 0.12246782492291088, -1.7159985277492495], "rotation": [[0.884650075427084, 0.4198397455896725, -0.20280244591733526], [-0.33797664649846565, 0.8770581902486829, 0.3413806048084109], [0.32119469246627613, -0.23345988722027688, 0.9177856234386056]], "fy": 4528.0745533801455, "fx": 4528.597703297461}, {"id": 63, "img_name": "_DSC9338", "width": 4978, "height": 3300, "position": [0.5658959657257837, 0.40362853796257164, -1.849836022833593], "rotation": [[0.9952528055405022, 0.04986544270312498, -0.08357805147154763], [-0.028016664458207267, 0.9692095393247521, 0.2446383767820127], [0.09320364572480805, -0.24113545261102348, 0.9660055765458506]], "fy": 4528.0745533801455, "fx": 4528.597703297461}]